m = 7

14. 4 - 0 1 5 10
15. 3 - 0 5 10

16. 4 - 0 4 9 13
17. 5 - 0 3 5 10 15
18. 4 - 0 5 9 14
19. 5 - 0 1 5 10 15
20. 4 - 0 5 10 15

21. 6 - 0 5 9 10 14 19
22. 5 - 0 5 9 14 18
23. 6 - 0 2 5 10 15 20
24. 6 - 0 1 5 10 15 20
25. 5 - 0 5 10 15 20

26. 6 - 0 5 9 13 18 22
27. 6 - 0 5 9 14 18 23
28. 7 - 0 2 5 10 15 20 25
29. 7 - 0 1 5 10 15 20 25
30. 6 - 0 5 10 15 20 25

31. 7 - 0 5 9 14 18 23 27
32. 8 - 0 3 5 10 15 20 25 30
33. 8 - 0 2 5 10 15 20 25 30
34. 8 - 0 1 5 10 15 20 25 30
35. 7 - 0 5 10 15 20 25 30

36. 8 - 0 5 9 14 18 23 27 32
37. 9 - 0 3 5 10 15 20 25 30 35
38. 9 - 0 2 5 10 15 20 25 30 35
39. 9 - 0 1 5 10 15 20 25 30 35
40. 8 - 0 5 10 15 20 25 30 35

41. 10 - 0 4 9 13 18 22 27 31 36 40
42. 10 - 0 3 5 10 15 20 25 30 35 40
43. 10 - 0 2 5 10 15 20 25 30 35 40
44. 10 - 0 1 5 10 15 20 25 30 35 40
45. 9 - 0 5 10 15 20 25 30 35 40

46. 11 - 0 4 9 13 18 22 27 31 35 40 44
47. 11 - 0 3 5 10 15 20 25 30 35 40 45
48. 11 - 0 2 5 10 15 20 25 30 35 40 45
49. 11 - 0 1 5 10 15 20 25 30 35 40 45
50. 10 - 0 5 10 15 20 25 30 35 40 45

51. 12 - 0 4 9 13 18 22 27 31 36 40 45 49
52. 12 - 0 3 5 10 15 20 25 30 35 40 45 50
53. 12 - 0 2 5 10 15 20 25 30 35 40 45 50
54. 12 - 0 1 5 10 15 20 25 30 35 40 45 50
55. 11 - 0 5 10 15 20 25 30 35 40 45 50

56. 13 - 0 4 9 13 18 22 27 31 36 40 44 49 53
57. 13 - 0 3 5 10 15 20 25 30 35 40 45 50 55
58. 13 - 0 2 5 10 15 20 25 30 35 40 45 50 55
59. 13 - 0 1 5 10 15 20 25 30 35 40 45 50 55
60. 12 - 0 5 10 15 20 25 30 35 40 45 50 55

61. 14 - 0 5 9 14 18 22 27 31 35 40 44 48 53 57
62. 14 - 0 3 5 10 15 20 25 30 35 40 45 50 55 60
63. 14 - 0 2 5 10 15 20 25 30 35 40 45 50 55 60
64. 14 - 0 1 5 10 15 20 25 30 35 40 45 50 55 60
65. 13 - 0 5 10 15 20 25 30 35 40 45 50 55 60

66. 15 - 0 5 9 14 18 23 27 32 36 40 45 49 53 58 62
67. 15 - 0 3 5 10 15 20 25 30 35 40 45 50 55 60 65
68. 15 - 0 2 5 10 15 20 25 30 35 40 45 50 55 60 65
69. 15 - 0 1 5 10 15 20 25 30 35 40 45 50 55 60 65
70. 14 - 0 5 10 15 20 25 30 35 40 45 50 55 60 65

71. 16 - 0 5 9 14 18 23 27 32 36 41 45 50 54 58 63 67
72. 16 - 0 3 5 10 15 20 25 30 35 40 45 50 55 60 65 70
73. 16 - 0 2 5 10 15 20 25 30 35 40 45 50 55 60 65 70
74. 16 - 0 1 5 10 15 20 25 30 35 40 45 50 55 60 65 70
75. 15 - 0 5 10 15 20 25 30 35 40 45 50 55 60 65 70

76. 17 - 0 5 9 14 18 23 27 32 36 41 45 50 54 59 63 68 72
77. 17 - 0 3 5 10 15 20 25 30 35 40 45 50 55 60 65 70 75
78. 17 - 0 2 5 10 15 20 25 30 35 40 45 50 55 60 65 70 75
79. 17 - 0 1 5 10 15 20 25 30 35 40 45 50 55 60 65 70 75
80. 16 - 0 5 10 15 20 25 30 35 40 45 50 55 60 65 70 75

81. 18 - 0 5 9 14 18 23 27 32 36 41 45 50 54 59 63 68 72 77
82. 18 - 0 3 5 10 15 20 25 30 35 40 45 50 55 60 65 70 75 80
83. 18 - 0 2 5 10 15 20 25 30 35 40 45 50 55 60 65 70 75 80
84. 18 - 0 1 5 10 15 20 25 30 35 40 45 50 55 60 65 70 75 80
85. 17 - 0 5 10 15 20 25 30 35 40 45 50 55 60 65 70 75 80

86. 20 - 0 2 5 10 15 20 25 30 35 40 45 50 55 60 65 70 75 80 82 85
87. 19 - 0 3 5 10 15 20 25 30 35 40 45 50 55 60 65 70 75 80 85
88. 19 - 0 2 5 10 15 20 25 30 35 40 45 50 55 60 65 70 75 80 85
89. 19 - 0 1 5 10 15 20 25 30 35 40 45 50 55 60 65 70 75 80 85
90. 18 - 0 5 10 15 20 25 30 35 40 45 50 55 60 65 70 75 80 85

91. 21 - 0 2 5 10 15 20 25 30 35 40 45 50 55 60 65 70 75 80 85 87 90
92. 20 - 0 3 5 10 15 20 25 30 35 40 45 50 55 60 65 70 75 80 85 90
93. 20 - 0 2 5 10 15 20 25 30 35 40 45 50 55 60 65 70 75 80 85 90
94. 20 - 0 1 5 10 15 20 25 30 35 40 45 50 55 60 65 70 75 80 85 90
95. 19 - 0 5 10 15 20 25 30 35 40 45 50 55 60 65 70 75 80 85 90

96. 22 - 0 2 5 10 15 20 25 30 35 40 45 50 55 60 65 70 75 80 85 90 92 95
97. 21 - 0 3 5 10 15 20 25 30 35 40 45 50 55 60 65 70 75 80 85 90 95
98. 21 - 0 2 5 10 15 20 25 30 35 40 45 50 55 60 65 70 75 80 85 90 95
99. 21 - 0 1 5 10 15 20 25 30 35 40 45 50 55 60 65 70 75 80 85 90 95
100. 20 - 0 5 10 15 20 25 30 35 40 45 50 55 60 65 70 75 80 85 90 95

101. 23 - 0 2 5 10 15 20 25 30 35 40 45 50 55 60 65 70 75 80 85 90 95 97 100
102. 22 - 0 3 5 10 15 20 25 30 35 40 45 50 55 60 65 70 75 80 85 90 95 100
103. 22 - 0 2 5 10 15 20 25 30 35 40 45 50 55 60 65 70 75 80 85 90 95 100
104. 22 - 0 1 5 10 15 20 25 30 35 40 45 50 55 60 65 70 75 80 85 90 95 100
105. 21 - 0 5 10 15 20 25 30 35 40 45 50 55 60 65 70 75 80 85 90 95 100

106. 24 - 0 2 5 10 15 20 25 30 35 40 45 50 55 60 65 70 75 80 85 90 95 100 102 105
107. 23 - 0 3 5 10 15 20 25 30 35 40 45 50 55 60 65 70 75 80 85 90 95 100 105
108. 23 - 0 2 5 10 15 20 25 30 35 40 45 50 55 60 65 70 75 80 85 90 95 100 105
109. 23 - 0 1 5 10 15 20 25 30 35 40 45 50 55 60 65 70 75 80 85 90 95 100 105
110. 22 - 0 5 10 15 20 25 30 35 40 45 50 55 60 65 70 75 80 85 90 95 100 105

111. 25 - 0 2 5 10 15 20 25 30 35 40 45 50 55 60 65 70 75 80 85 90 95 100 105 107 110
112. 24 - 0 3 5 10 15 20 25 30 35 40 45 50 55 60 65 70 75 80 85 90 95 100 105 110
113. 24 - 0 2 5 10 15 20 25 30 35 40 45 50 55 60 65 70 75 80 85 90 95 100 105 110
114. 24 - 0 1 5 10 15 20 25 30 35 40 45 50 55 60 65 70 75 80 85 90 95 100 105 110
115. 23 - 0 5 10 15 20 25 30 35 40 45 50 55 60 65 70 75 80 85 90 95 100 105 110

116. 26 - 0 2 5 10 15 20 25 30 35 40 45 50 55 60 65 70 75 80 85 90 95 100 105 110 112 115
117. 25 - 0 3 5 10 15 20 25 30 35 40 45 50 55 60 65 70 75 80 85 90 95 100 105 110 115
118. 25 - 0 2 5 10 15 20 25 30 35 40 45 50 55 60 65 70 75 80 85 90 95 100 105 110 115
119. 25 - 0 1 5 10 15 20 25 30 35 40 45 50 55 60 65 70 75 80 85 90 95 100 105 110 115
120. 24 - 0 5 10 15 20 25 30 35 40 45 50 55 60 65 70 75 80 85 90 95 100 105 110 115

121. 27 - 0 2 5 10 15 20 25 30 35 40 45 50 55 60 65 70 75 80 85 90 95 100 105 110 115 117 120
122. 26 - 0 3 5 10 15 20 25 30 35 40 45 50 55 60 65 70 75 80 85 90 95 100 105 110 115 120
123. 26 - 0 2 5 10 15 20 25 30 35 40 45 50 55 60 65 70 75 80 85 90 95 100 105 110 115 120
124. 26 - 0 1 5 10 15 20 25 30 35 40 45 50 55 60 65 70 75 80 85 90 95 100 105 110 115 120
125. 25 - 0 5 10 15 20 25 30 35 40 45 50 55 60 65 70 75 80 85 90 95 100 105 110 115 120

126. 28 - 0 2 5 10 15 20 25 30 35 40 45 50 55 60 65 70 75 80 85 90 95 100 105 110 115 120 122 125
127. 27 - 0 3 5 10 15 20 25 30 35 40 45 50 55 60 65 70 75 80 85 90 95 100 105 110 115 120 125
128. 27 - 0 2 5 10 15 20 25 30 35 40 45 50 55 60 65 70 75 80 85 90 95 100 105 110 115 120 125
129. 27 - 0 1 5 10 15 20 25 30 35 40 45 50 55 60 65 70 75 80 85 90 95 100 105 110 115 120 125
130. 26 - 0 5 10 15 20 25 30 35 40 45 50 55 60 65 70 75 80 85 90 95 100 105 110 115 120 125

131. 29 - 0 2 5 10 15 20 25 30 35 40 45 50 55 60 65 70 75 80 85 90 95 100 105 110 115 120 125 127 130
132. 28 - 0 3 5 10 15 20 25 30 35 40 45 50 55 60 65 70 75 80 85 90 95 100 105 110 115 120 125 130
133. 28 - 0 2 5 10 15 20 25 30 35 40 45 50 55 60 65 70 75 80 85 90 95 100 105 110 115 120 125 130
134. 28 - 0 1 5 10 15 20 25 30 35 40 45 50 55 60 65 70 75 80 85 90 95 100 105 110 115 120 125 130
135. 27 - 0 5 10 15 20 25 30 35 40 45 50 55 60 65 70 75 80 85 90 95 100 105 110 115 120 125 130

136. 30 - 0 2 5 10 15 20 25 30 35 40 45 50 55 60 65 70 75 80 85 90 95 100 105 110 115 120 125 130 132 135
137. 29 - 0 3 5 10 15 20 25 30 35 40 45 50 55 60 65 70 75 80 85 90 95 100 105 110 115 120 125 130 135
138. 29 - 0 2 5 10 15 20 25 30 35 40 45 50 55 60 65 70 75 80 85 90 95 100 105 110 115 120 125 130 135
139. 29 - 0 1 5 10 15 20 25 30 35 40 45 50 55 60 65 70 75 80 85 90 95 100 105 110 115 120 125 130 135
140. 28 - 0 5 10 15 20 25 30 35 40 45 50 55 60 65 70 75 80 85 90 95 100 105 110 115 120 125 130 135

141. 31 - 0 2 5 10 15 20 25 30 35 40 45 50 55 60 65 70 75 80 85 90 95 100 105 110 115 120 125 130 135 137 140
142. 30 - 0 3 5 10 15 20 25 30 35 40 45 50 55 60 65 70 75 80 85 90 95 100 105 110 115 120 125 130 135 140
143. 30 - 0 2 5 10 15 20 25 30 35 40 45 50 55 60 65 70 75 80 85 90 95 100 105 110 115 120 125 130 135 140
144. 30 - 0 1 5 10 15 20 25 30 35 40 45 50 55 60 65 70 75 80 85 90 95 100 105 110 115 120 125 130 135 140
145. 29 - 0 5 10 15 20 25 30 35 40 45 50 55 60 65 70 75 80 85 90 95 100 105 110 115 120 125 130 135 140

146. 32 - 0 2 5 10 15 20 25 30 35 40 45 50 55 60 65 70 75 80 85 90 95 100 105 110 115 120 125 130 135 140 142 145
147. 31 - 0 3 5 10 15 20 25 30 35 40 45 50 55 60 65 70 75 80 85 90 95 100 105 110 115 120 125 130 135 140 145
148. 31 - 0 2 5 10 15 20 25 30 35 40 45 50 55 60 65 70 75 80 85 90 95 100 105 110 115 120 125 130 135 140 145
149. 31 - 0 1 5 10 15 20 25 30 35 40 45 50 55 60 65 70 75 80 85 90 95 100 105 110 115 120 125 130 135 140 145
150. 30 - 0 5 10 15 20 25 30 35 40 45 50 55 60 65 70 75 80 85 90 95 100 105 110 115 120 125 130 135 140 145