m = 7

8. 3 - 0 2 5
9. 2 - 0 5
10. 2 - 0 5

11. 3 - 0 1 2
12. 4 - 0 1 5 10
13. 3 - 0 2 4
14. 4 - 0 1 5 10
15. 3 - 0 5 10

16. 4 - 0 1 4 5
17. 5 - 0 3 5 10 15
18. 4 - 0 4 9 13
19. 5 - 0 1 5 10 15
20. 4 - 0 5 10 15

21. 6 - 0 1 2 5 12 17
22. 5 - 0 4 9 13 17
23. 6 - 0 2 5 10 15 20
24. 6 - 0 1 5 10 15 20
25. 5 - 0 5 10 15 20

26. 6 - 0 2 4 13 15 17
27. 6 - 0 4 9 13 18 22
28. 7 - 0 2 5 10 15 20 25
29. 7 - 0 1 5 10 15 20 25
30. 6 - 0 5 10 15 20 25

31. 7 - 0 4 9 13 17 22 26
32. 8 - 0 3 5 10 15 20 25 30
33. 8 - 0 2 5 10 15 20 25 30
34. 8 - 0 1 5 10 15 20 25 30
35. 7 - 0 5 10 15 20 25 30

36. 8 - 0 4 9 13 18 22 27 31
37. 9 - 0 3 5 10 15 20 25 30 35
38. 9 - 0 2 5 10 15 20 25 30 35
39. 9 - 0 1 5 10 15 20 25 30 35
40. 8 - 0 5 10 15 20 25 30 35

41. 10 - 0 1 3 4 13 16 20 25 29 32
42. 10 - 0 3 5 10 15 20 25 30 35 40
43. 10 - 0 2 5 10 15 20 25 30 35 40
44. 10 - 0 1 5 10 15 20 25 30 35 40
45. 9 - 0 5 10 15 20 25 30 35 40

46. 11 - 0 1 2 4 13 17 22 26 31 35 37
47. 11 - 0 3 5 10 15 20 25 30 35 40 45
48. 11 - 0 2 5 10 15 20 25 30 35 40 45
49. 11 - 0 1 5 10 15 20 25 30 35 40 45
50. 10 - 0 5 10 15 20 25 30 35 40 45

51. 12 - 0 2 5 11 15 20 24 29 33 38 42 47
52. 12 - 0 3 5 10 15 20 25 30 35 40 45 50
53. 12 - 0 2 5 10 15 20 25 30 35 40 45 50
54. 12 - 0 1 5 10 15 20 25 30 35 40 45 50
55. 11 - 0 5 10 15 20 25 30 35 40 45 50

56. 13 - 0 3 7 12 16 20 25 29 34 38 43 47 52
57. 13 - 0 3 5 10 15 20 25 30 35 40 45 50 55
58. 13 - 0 2 5 10 15 20 25 30 35 40 45 50 55
59. 13 - 0 1 5 10 15 20 25 30 35 40 45 50 55
60. 12 - 0 5 10 15 20 25 30 35 40 45 50 55