m = 12

12. 4 - 0 3 6 9
13. 5 - 0 2 5 7 10
14. 3 - 0 5 10
15. 3 - 0 5 10

16. 4 - 0 1 7 10
17. 5 - 0 1 2 3 10
18. 5 - 0 1 4 10 14
19. 5 - 0 1 5 10 15
20. 4 - 0 5 10 15

21. 6 - 0 1 2 3 7 17
22. 6 - 0 1 3 4 7 8
23. 5 - 0 2 4 9 18
24. 7 - 0 1 5 6 10 15 20
25. 5 - 0 5 10 15 20

26. 7 - 0 1 2 5 6 9 10
27. 7 - 0 1 2 6 10 19 23
28. 6 - 0 4 9 14 18 23
29. 7 - 0 1 2 4 8 23 27
30. 6 - 0 5 10 15 20 25

31. 8 - 0 1 2 4 5 6 10 27
32. 8 - 0 1 2 7 10 17 24 27
33. 8 - 0 1 5 10 15 19 24 29
34. 9 - 0 1 5 6 10 15 20 25 30
35. 7 - 0 5 10 15 20 25 30

36. 10 - 0 1 2 3 6 10 18 22 28 32
37. 8 - 0 4 9 13 18 23 27 32
38. 10 - 0 2 5 7 10 15 20 25 30 35
39. 9 - 0 2 6 10 16 20 25 30 35
40. 8 - 0 5 10 15 20 25 30 35