m = 3

3. 1 - 0
4. 2 - 0 1
5. 1 - 0

6. 2 - 0 5
7. 2 - 0 5
8. 2 - 0 5
9. 3 - 0 1 5
10. 2 - 0 5

11. 3 - 0 5 10
12. 3 - 0 5 10
13. 3 - 0 5 10
14. 4 - 0 1 5 10
15. 3 - 0 5 10

16. 4 - 0 5 10 15
17. 4 - 0 5 10 15
18. 4 - 0 5 10 15
19. 5 - 0 1 5 10 15
20. 4 - 0 5 10 15

21. 5 - 0 5 10 15 20
22. 5 - 0 5 10 15 20
23. 5 - 0 5 10 15 20
24. 6 - 0 1 5 10 15 20
25. 5 - 0 5 10 15 20

26. 6 - 0 5 10 15 20 25
27. 6 - 0 5 10 15 20 25
28. 6 - 0 5 10 15 20 25
29. 7 - 0 1 5 10 15 20 25
30. 6 - 0 5 10 15 20 25

31. 7 - 0 5 10 15 20 25 30
32. 7 - 0 5 10 15 20 25 30
33. 7 - 0 5 10 15 20 25 30
34. 8 - 0 1 5 10 15 20 25 30
35. 7 - 0 5 10 15 20 25 30

36. 8 - 0 5 10 15 20 25 30 35
37. 8 - 0 5 10 15 20 25 30 35
38. 8 - 0 5 10 15 20 25 30 35
39. 9 - 0 1 5 10 15 20 25 30 35
40. 8 - 0 5 10 15 20 25 30 35

41. 9 - 0 5 10 15 20 25 30 35 40
42. 9 - 0 5 10 15 20 25 30 35 40
43. 9 - 0 5 10 15 20 25 30 35 40
44. 10 - 0 1 5 10 15 20 25 30 35 40
45. 9 - 0 5 10 15 20 25 30 35 40

46. 10 - 0 5 10 15 20 25 30 35 40 45
47. 10 - 0 5 10 15 20 25 30 35 40 45
48. 10 - 0 5 10 15 20 25 30 35 40 45
49. 11 - 0 1 5 10 15 20 25 30 35 40 45
50. 10 - 0 5 10 15 20 25 30 35 40 45

51. 11 - 0 5 10 15 20 25 30 35 40 45 50
52. 11 - 0 5 10 15 20 25 30 35 40 45 50
53. 11 - 0 5 10 15 20 25 30 35 40 45 50
54. 12 - 0 1 5 10 15 20 25 30 35 40 45 50
55. 11 - 0 5 10 15 20 25 30 35 40 45 50

56. 12 - 0 5 10 15 20 25 30 35 40 45 50 55
57. 12 - 0 5 10 15 20 25 30 35 40 45 50 55
58. 12 - 0 5 10 15 20 25 30 35 40 45 50 55
59. 13 - 0 1 5 10 15 20 25 30 35 40 45 50 55
60. 12 - 0 5 10 15 20 25 30 35 40 45 50 55