m = 8

8. 3 - 0 2 5
9. 3 - 0 3 6
10. 2 - 0 5

11. 3 - 0 5 10
12. 4 - 0 3 5 10
13. 4 - 0 2 5 10
14. 4 - 0 1 3 4
15. 3 - 0 5 10

16. 5 - 0 4 5 10 15
17. 4 - 0 1 6 12
18. 5 - 0 2 5 10 15
19. 5 - 0 1 2 6 15
20. 4 - 0 5 10 15

21. 5 - 0 2 6 12 17
22. 6 - 0 3 5 10 15 20
23. 5 - 0 1 6 12 18
24. 7 - 0 1 2 3 6 14 20
25. 5 - 0 5 10 15 20

26. 7 - 0 4 5 10 15 20 25
27. 6 - 0 2 6 12 17 23
28. 7 - 0 2 5 10 15 20 25
29. 7 - 0 1 5 11 15 19 25
30. 6 - 0 5 10 15 20 25

31. 8 - 0 4 5 10 15 20 25 30
32. 8 - 0 3 5 10 15 20 25 30
33. 8 - 0 2 5 10 15 20 25 30
34. 8 - 0 1 6 11 12 17 23 29
35. 7 - 0 5 10 15 20 25 30

36. 9 - 0 4 5 10 15 20 25 30 35
37. 9 - 0 3 5 10 15 20 25 30 35
38. 9 - 0 2 5 10 15 20 25 30 35
39. 10 - 0 1 2 4 14 15 19 25 29 35
40. 8 - 0 5 10 15 20 25 30 35

41. 10 - 0 4 5 10 15 20 25 30 35 40
42. 10 - 0 3 5 10 15 20 25 30 35 40
43. 10 - 0 2 5 10 15 20 25 30 35 40
44. 10 - 0 2 6 12 17 19 23 29 34 40
45. 9 - 0 5 10 15 20 25 30 35 40

46. 10 - 0 1 6 12 18 23 24 29 35 41
47. 11 - 0 3 5 10 15 20 25 30 35 40 45
48. 11 - 0 2 5 10 15 20 25 30 35 40 45
49. 12 - 0 1 3 6 14 18 20 24 32 35 37 38
50. 10 - 0 5 10 15 20 25 30 35 40 45

51. 12 - 0 4 5 10 15 20 25 30 35 40 45 50
52. 12 - 0 3 5 10 15 20 25 30 35 40 45 50
53. 12 - 0 2 5 10 15 20 25 30 35 40 45 50
54. 12 - 0 2 6 12 17 23 27 29 33 39 44 50
55. 11 - 0 5 10 15 20 25 30 35 40 45 50

56. 13 - 0 4 5 10 15 20 25 30 35 40 45 50 55
57. 13 - 0 3 5 10 15 20 25 30 35 40 45 50 55
58. 13 - 0 2 5 10 15 20 25 30 35 40 45 50 55
59. 14 - 0 1 2 4 6 15 19 21 25 31 36 42 46 48
60. 12 - 0 5 10 15 20 25 30 35 40 45 50 55